90
100000 -200000 900000
300000 100000 700000
100000 -700000 -9000
600000 -500000 800000
800000 400000 400000
-1000 1000 -9000
900000 3000 -500000
8000 2000 -700000
-500000 -600000 -700000
100000 -200000 900000
300000 100000 700000
100000 -700000 -9000
600000 -500000 800000
800000 400000 400000
-1000 1000 -9000
900000 3000 -500000
8000 2000 -700000
-500000 -600000 -700000
100000 -200000 900000
300000 100000 700000
100000 -700000 -9000
600000 -500000 800000
800000 400000 400000
-1000 1000 -9000
900000 3000 -500000
8000 2000 -700000
-500000 -600000 -700000
100000 -200000 900000
300000 100000 700000
100000 -700000 -9000
600000 -500000 800000
800000 400000 400000
-1000 1000 -9000
900000 3000 -500000
8000 2000 -700000
-500000 -600000 -700000
100000 -200000 900000
300000 100000 700000
100000 -700000 -9000
600000 -500000 800000
800000 400000 400000
-1000 1000 -9000
900000 3000 -500000
8000 2000 -700000
-500000 -600000 -700000
100000 -200000 900000
300000 100000 700000
100000 -700000 -9000
600000 -500000 800000
800000 400000 400000
-1000 1000 -9000
900000 3000 -500000
8000 2000 -700000
-500000 -600000 -700000
100000 -200000 900000
300000 100000 700000
100000 -700000 -9000
600000 -500000 800000
800000 400000 400000
-1000 1000 -9000
900000 3000 -500000
8000 2000 -700000
-500000 -600000 -700000
100000 -200000 900000
300000 100000 700000
100000 -700000 -9000
600000 -500000 800000
800000 400000 400000
-1000 1000 -9000
900000 3000 -500000
8000 2000 -700000
-500000 -600000 -700000
100000 -200000 900000
300000 100000 700000
100000 -700000 -9000
600000 -500000 800000
800000 400000 400000
-1000 1000 -9000
900000 3000 -500000
8000 2000 -700000
-500000 -600000 -700000
100000 -200000 900000
300000 100000 700000
100000 -700000 -9000
600000 -500000 800000
800000 400000 400000
-1000 1000 -9000
900000 3000 -500000
8000 2000 -700000
-500000 -600000 -700000